0.30   3056
0.31   2957
0.32   2865
0.33   2778
0.34   2696
0.35   2619
0.36   2546
0.37   2478
0.38   2412
0.39   2351
0.40   2292
0.41   2236
0.42   2183
0.43   2132
0.44   2083
0.45   2037
0.46   1993
0.47   1950
0.48   1910
0.49   1871
0.50   1833
0.51   1797
0.52   1763
0.53   1730
0.54   1698
0.55   1667
0.56   1637
0.57   1608
0.58   1581
0.59   1554
0.60   1528
0.61   1503
0.62   1479
0.63   1455
0.64   1432
0.65   1410
0.66   1389
0.67   1368
0.68   1348
0.69   1329
0.70   1310
0.71   1291
0.72   1273
0.73   1256
0.74   1239
0.75   1222
0.76   1206
0.77   1190
0.78   1175
0.79   1160
0.80   1146
0.81   1132
0.82   1118
0.83   1104
0.84   1091
0.85   1078
0.86   1066
0.87   1054
0.88   1042
0.89   1030
0.90   1019
0.91   1007
0.92   996
0.93   986
0.94   975
0.95   965
0.96   955
0.97   945
0.98   935
0.99   926
1.00   917
1.01   908
1.02   899
1.03   890
1.04   881
1.05   873
1.06   865
1.07   857
1.08   849
1.09   841
1.10   833
1.11   826
1.12   818
1.13   811
1.14   804
1.15   797
1.16   790
1.17   783
1.18   777
1.19   770
1.20   764
1.21   758
1.22   751
1.23   745
1.24   739
1.25   733
1.26   727
1.27   722
1.28   716
1.29   711
1.30   705
1.31   700
1.32   694
1.33   689
1.34   684
1.35   679
1.36   674
1.37   669
1.38   664
1.39   659
1.40   655
1.41   650
1.42   645
1.43   641
1.44   636
1.45   632
1.46   628
1.47   623
1.48   619
1.49   615
1.50   611
1.51   607
1.52   603
1.53   599
1.54   595
1.56   588
1.58   580
1.60   573
1.62   566
1.64   559
1.66   552
1.68   546
1.70   539
1.72   533
1.74   527
1.76   521
1.78   515
1.80   509
1.82   504
1.84   498
1.86   493
1.88   487
1.90   482
1.92   477
1.94   472
1.96   468
1.98   463
2.00   458
2.02   454
2.04   449
2.06   445
2.08   441
2.10   436
2.12   432
2.14   428
2.16   424
2.20   416
2.24   409
2.28   402
2.32   395
2.36   388
2.40   382
2.44   375
2.48   369
2.52   364
2.56   358
2.60   352
2.64   347
2.68   342
2.72   337
2.76   332
2.80   327
2.84   323
2.88   318
2.92   314
2.96   309
3.00   305
3.04   301
3.08   297
3.12   294
3.16   290
3.20   286
3.24   283
3.28   279
3.32   276
3.36   273
