1000
706511674 406661491 138412539244056400
607613822 352437436 26464735938818608
914405660 349817974 264129450871660768
575426862 420764103 73702670438891664
300733924 189590838 168008309878907
985321810 139550842 89707104359365072
632656792 265441989 128554422013374000
877792852 616577660 69081355534128880
609178722 311152312 37294584493222912
328066054 12058209 28369192450511776
315364898 34603542 42214310785987896
855040455 751160685 83425903301569473
872368712 355312323 297067140736220672
952656848 472995800 36543626875652352
896761396 233882452 154307038934960864
528764908 251573440 19593893991701160
968900671 44397480 468398687523598999
464704432 290651342 60909651663148936
604846503 374623445 33733059204211696
116554374 72111648 1028909434790260
463943948 359909087 38091375399347360
763760038 474720031 178985144525800279
859557040 563149076 210850712318306973
638484574 431952068 80035589063429424
462429746 119056387 24500723316233548
834809257 378250183 220890847977219584
710816978 364660422 15173196104296804
781126294 663408062 74378821095634224
294438036 165204333 19498528448865616
327227543 46522630 52456755084725064
533284853 193649717 49882975314387448
359077290 319995062 3683097382523369
844660373 763142316 61651954413270536
783540357 739773093 19142668312233400
940624396 613026717 236486006615632000
879135510 830260883 28147644338078940
369826992 157665229 53638956540776096
996538824 370695401 200844869870411488
926014904 551122398 247437210199193120
720117229 139477148 73354516402184528
904578602 526368832 97147141000581408
859590435 148202861 314840115444316480
226286131 19763910 1912805896620331
486393913 331119338 39721795165034200
634798484 194535398 52374776948136128
897120400 877933120 1113852650875834
936931692 214603121 415893248541288521
769045568 597983348 33023060063899384
990875896 596870595 128737128894110752
512235160 152576103 86202360805665248
892194151 44552774 38451916464040944
943534483 554592227 239353280393069184
881959952 565378068 176489212908237536
966061706 753477103 119706268849818816
974529229 525454652 73532325768542320
396593046 396384535 12927728376384
269360089 94926987 2218227906241556
977553401 2375849 446842054736655936
584431418 47390010 71937039548301760
695148854 575716346 68023561028228912
232131445 228478662 40895963803153
730838702 588883763 458935423266324
102519668 36542381 487951740365486
954784822 184464067 340693122928678592
852152572 125025965 219123294421027040
595246210 219778396 49629835753560464
695584211 337258813 20364409722669540
923182864 72790260 19930340828162992
587129223 93877165 30254511316017164
721440380 697733557 4817125193486837
800066498 733513693 45633889675358632
652722341 574067208 26031929650568804
715807902 2042490 67985044633311864
322400173 10518889 2962870002717660
923527001 97697278 103548293673724080
468246830 129944514 91832885565249072
731677817 178444768 238171648888245376
733939924 335969638 212896107726592150
842851969 754046998 18118747616822824
722450479 42112641 133739171294628464
544231752 307084502 34392866522770028
731395387 569270369 79509825247033056
992720360 82755409 234965999938142752
685514543 567869414 4803833391828488
675033057 76306767 15387330086384148
425898305 283212715 7910712378057280
809201346 66855704 860472932616744
878176056 844246650 29220390508957674
388971736 126583918 47961912130169936
865372387 796801344 16753369298285760
480345375 81332487 87585278233405104
715890690 527635222 39649597953844912
702869386 271072924 145994234816264192
351640783 39066655 24235815374673920
373414042 7714480 69689266971117946
947231431 80385869 110259831992894176
508367065 408917543 31203857023061368
721690763 304146089 24366334854293656
143970537 138032523 837269200162953
911099264 338654267 262924827233949312
694270314 610347471 54743617425090273
752944252 317711820 20241580740241456
851849143 764234445 62049308595868096
613433250 423776461 73712457317828448
796189681 241964320 231559345699787584
807470960 523962630 188736257469119148
127667714 101997038 1618685506560237
196285099 112067992 1694096685489109
832046110 752297676 41160528578878296
974636988 391425601 211229733154237216
592255931 441706241 66645830269044056
599029590 15538699 19730682518094288
239444330 42894417 5016297476022813
524752195 262690152 68581678894421040
617693445 113701592 166895563513527840
957716364 641099687 222299476304633376
379962460 122435091 52384911368055408
498015371 211491872 38695188880865808
886112584 306560754 158969528507459008
958797450 723730131 115686100240975264
683566969 317045123 150376500437325440
513768947 297013231 17640112871703464
894738575 457028030 208136325980232480
775292456 424481767 119355124439589264
485941788 172922642 86272409423381072
753950662 234176104 51626833927603552
721127591 627415602 34885440748706900
49197159 39537548 87424755278100
484559846 303062243 27395325266188928
176188380 157170421 1341451093546384
158024144 83697713 699961613378824
302529462 100945436 20759862148037700
931087018 567959025 218055939626947968
976736167 453454164 102657449547822160
872367590 419768282 160084837195551744
428846937 217193243 66248537140789888
841849258 308561881 306749869969651774
845371395 30732073 98356164656658960
809652614 415518595 241440826895715093
939276642 572397106 213274944430441088
552740906 99265462 8206684480876627
859411983 756865822 20619252704573056
638198447 565044733 29668676251805420
873882266 697324942 138704070832599303
888421854 528269618 64053734608923280
869419694 829262754 14834346898445672
367174720 215286416 3298694241131128
869566753 149252403 19121709731881288
803138300 571407479 102111302688235408
633036230 203524017 20482903924037972
644707160 148115276 76935021948530640
735044102 109823188 228493309284781248
668236139 253027073 119290228886533568
993844973 344401254 333530452178783168
962907486 630328136 115567028961745360
978260009 200630073 201897411800232608
394640007 375175582 856953099572491
691156750 69833810 236410446406218483
159374105 114199806 5229836459030198
425983931 410626121 2691889925808641
648277053 169061472 96121520543029888
536344800 379074928 35948593445207352
415583216 220014869 62151433737706793
802003746 695790408 5231112691137200
602610174 529250644 35963883514789848
639374179 523496706 6061643727707265
726850450 115338539 107278252497143936
942003474 157828831 88166778361096000
617851371 422072612 97078328382935008
829892045 697443029 17325452193417712
792261438 350169695 191422280476216128
719481801 532061930 59698286294787464
885003551 88985448 387656438150418951
702699946 341696421 188515385514295024
341793574 36198848 4915078445014485
402416978 359158051 11560414106217768
756131533 146588769 131836144747912000
890980413 532609995 52192198780046760
654808264 570912842 25304701665966136
697946690 339542863 185920113652604445
435393694 408632686 1017115638599742
552632935 346107665 56634013232276944
486565187 58534811 16744657111548600
185135813 142723284 680799626083919
835375915 641175051 98598115102564608
619703725 310528302 104823535180464880
906438195 52058732 285781691022507744
882161521 760334071 7301247869614504
822831308 80682696 238308418447231296
659696507 593311105 37323685722303616
510594803 476209978 12829079598379508
889949962 267575667 323067928264881472
975899316 357190478 224950694224516832
679417266 206097673 190110612348416960
979566091 373469260 75692606990561280
942299986 337599146 192509288393780448
698615759 163413884 215001498154523008
444886504 268178816 5439802541802848
614781077 499339329 49577874748229560
819288500 402648383 248224550857653952
654602075 229323866 153224560290714176
636749903 308176164 155238945928840293
943844909 175454466 430029471862586253
818743330 447971260 90892549135226080
392329477 303820598 5611578090031330
307682886 17759591 28579955474706572
551831567 451263931 46721625117227592
160982021 104978748 4271800675321978
134501684 20051095 766561703073791
266906487 90302063 17820685863894764
933662091 166481925 87646855321483808
701037317 579502303 11335004402641196
400354600 82008928 3818733463622060
985197293 734523580 201214423800195072
587030423 433063905 12532943064837132
156946720 132973104 3145585929447248
670580024 626939824 6974370954794897
570383202 493110536 23845709750743764
753087839 713155954 9360365523467844
901501847 548891402 170350326914399136
441657577 426772943 5158855524921639
976096547 714896089 220844026344409965
993092915 8535143 493080345079397420
198975336 43269548 16785103903618396
941443834 824608068 81322270066640304
149694129 27798325 8702248451603004
873078265 662588665 5486450608466127
403048437 94669740 31040288796877716
603266047 29544432 181528525316807035
942840109 811928840 114859515835077618
866073094 676471213 95911220924465360
441673263 262740096 49818761241196808
361760486 164839258 24526188206566548
953641726 632805014 254495178705582813
943885025 603431952 154902713300817504
756889611 457786490 181656707013943664
436876168 192928382 45531636722265496
957117168 249638193 274820783799143808
776688804 450871964 127485393070862480
948088656 841093932 95716549488924153
991887669 780182295 15992950848863732
788219398 322626338 116939263461011040
415129140 112696376 21113760137857992
638314892 283776765 122575142987291808
352779606 321459458 10282626104390192
929302710 896321622 14936889730274332
586316492 123449101 50354389110003408
871428906 585911336 206039990844211712
561884197 330047579 62965823768208264
973792222 18087270 106206282428649440
754637106 559651188 43730016931114304
932002737 628456281 190962544920353056
965858094 841844232 94728108482360624
661963981 178739026 1811910489926641
822270780 664033111 89106344392363040
694583670 194199137 65811181649718552
130677623 127720054 22908038975166
481706541 302472659 66751963930980384
997727295 124926031 488126025392417728
763269991 394108630 140557667560887632
933513165 636373426 233237846739613173
762287057 356269449 159221427146592032
365327440 172504732 21085139638862632
853931170 102960760 3028476460708637
938582081 407607866 326477606126058816
956574769 595342247 50854185671503744
593026457 586145259 2584779434322201
871066276 108202247 143016163021883488
592431955 300179337 98424962616749808
762625338 716012971 4738830736002926
597997485 508925947 4273256171003112
687605728 300990139 168323628287339072
461114201 433705245 12010353247999284
165414515 73735529 9322218259036988
808660036 284508199 82540503353236496
498967175 160895238 72721643333550656
523439831 223375388 47167959279209968
962538749 898786383 4871852284115058
519679466 172492638 77952554317114496
865115724 82699697 14595215563151464
616608236 171780953 24229886496084132
892854215 526085017 157797805482673568
560426181 243497483 52950771650236560
977708944 940367947 22735966323411956
894377357 571938208 51669637813671248
450288254 135154445 38262543853254096
588965044 94019347 159080424531352160
950549507 323022151 104301892857574576
940844077 500014549 41924095960931624
881395393 501649690 25860586974833596
712234695 680416344 16611928452274872
837862724 738405482 29645666109891244
487929344 149662176 14575396460593720
628093405 499018619 65926539445048992
918347193 786083702 102017865821249360
662136181 502095609 38940121880502280
211917104 32610380 4970013569251261
497478233 68396575 118761887292950496
952758716 490070555 333790011739394954
363489043 178226938 32985610365912284
868125522 541942534 106409471049821056
153359697 95147913 3494743765766839
375342861 254612381 35016176070371644
530792219 516660524 7187700436738739
326443965 77436293 4817330055786667
966657379 262709499 88697375198792528
561345668 14817196 31508091024836136
978855149 313839636 323719012072517376
873122077 819855560 1463287511015596
883977067 630534541 62355191487582160
370805739 126438264 8988937685293795
979702287 938427817 19748939745452600
845173355 135105990 120150785183879152
902946587 179680823 127208668441440336
947049953 738476918 157460030776172384
427691150 311911521 36388878674961528
929421786 530249905 291329947999296234
928677121 191788567 253490396753321664
915422354 868900490 26126521713001768
737799651 167883110 136392006181260672
451653442 224166841 39492074163147552
662451523 231913803 101519622550463056
136522527 45677839 3286652921223529
937594370 175664766 417444320885593216
206616217 52812467 14117733270848496
647293839 294290158 81987661397785520
256618688 84495052 593233328344736
317174282 232948250 2656461397727456
703277654 421546918 45275824207556064
532695117 222775010 80220163977345120
529695648 247780466 24976510709104080
883274707 538983853 52175361376734624
593187985 349406254 63449320129820944
988269227 57896450 304126257965619072
786572635 645700487 86979057539529616
968223127 682300635 91203676578119824
625789315 360848543 130700298384792120
426321130 339891205 24611765948346900
765713359 482954233 77260802439025792
333578340 191807515 8761355813907902
757114166 99888763 64402864975528192
719444918 687934948 4578651030022137
938380743 255162594 133083016240439408
714876549 638134060 51764096862904568
777457804 559989173 128949307411931248
961858567 775448023 83101779078877264
939973416 160337163 134039494496104768
949379968 377939886 163336461508247392
853492643 158869636 260343133246572448
939999217 499279086 317159461841448001
743090105 308159172 192085861673539776
712218938 85387394 216449867764145088
913071049 393435599 189749829903720032
342000105 6241229 15801127764744156
977447279 153384888 123851961732797760
406186679 386436905 1077973953138957
756633553 7124043 8672021561991581
330711962 114123400 48173125913582406
592790092 469553689 31302030323714996
692326517 376680305 89022792318706112
698569109 679516969 8698697866309903
975728519 586381198 150736277757032608
647001107 193567630 911349254059491
717823611 165275555 79453276948995536
965071147 940350056 23552046429056841
723162875 240754612 127444919469682112
98041782 42944396 3638922439955813
882220418 196354661 178984597687432992
840041694 556410142 50438458964450504
594151609 213158968 55603273421409296
829558863 231019934 248525693711170624
367718198 135588244 38213044293730096
317937298 41824204 37357488264603912
539206103 28477081 132473815942229840
420238917 387733791 3824137459794421
955724864 270204775 284183197035945504
240047939 25921685 17295902974892088
838485896 189602004 202604808461630144
949439676 653721173 165532791097790592
811072685 144433075 91120193241132368
731967747 362979737 124633962137420096
477006385 39962554 112969043062767127
486399646 268579013 406381400475928
846820235 558552859 78678353134030832
711401726 327993084 199256476821671418
289191948 65799101 17695523252208052
24952167 14276383 64942422823827
685572520 3605604 14452580234232816
999071996 928639316 66092306322949608
951232217 405370336 157246624903836544
419498248 357257184 23785242429074460
957854418 485595421 264921876722436128
431389365 158680246 28320502310266204
964614772 694232957 155340992007390912
895246929 49498424 52337635805508736
487269243 201389096 98436873937377089
640486319 365931833 40034812024407608
713873236 409623145 89135945852115600
646731024 235071809 45906664334549680
285575401 38336442 29194657636667976
632974314 150141110 48620762518856104
844883878 27857655 166635353066338848
265841600 73494018 26479153887428296
884197710 843322218 6914291569269797
594633021 399165829 97127535808064028
670575393 240880777 84502389702827632
516346709 440752760 25810187561175828
911306085 91962035 390755396404399232
593836119 225798573 135724083872452160
585163053 24897493 102084487966652720
228991964 86905810 22442350040359488
970231640 126707323 140096608484631152
540488369 389356182 70249850428728944
941315489 223385187 138133883173757888
327158091 233332450 9413747516114212
848810794 123666456 176707292696014400
954885859 778792268 152644804377631095
462647976 6499570 81488364959677760
595058856 541921946 21754857563332236
597525928 416540676 66448061088316560
224781434 62461467 1505142738820829
472993420 381991691 26865681590886508
577426197 3178563 166705455149871303
628353153 209924554 66971690313539744
579253193 355659836 34763342355088032
977557785 824827063 117343264870519968
827225567 221903539 107036302244521808
550877810 394239335 37465869643226584
826259180 38333560 187346685999712128
696763078 611363474 43814237275867976
966749166 223334471 442362832607464679
607076504 277381394 75914964543308048
868922762 494093695 255449094122986041
994228802 249576745 341548202643302656
612885409 281199447 147457718764835104
357137558 78342374 60704854102863713
363652897 273559012 4345147539834358
719477943 196485156 165338315520160576
973494283 819283991 119520488690826880
656983527 564249508 1434837828671127
577352543 172175129 77232339155122912
402487466 211961331 52677815311022000
854445561 127295610 21992260964077984
926407105 188769882 76452558199596496
859865678 664322998 108236130043972336
803810458 666198065 31059516713502364
484393919 118443919 67655676470295360
638756436 318888430 153159977350601034
825404589 186596366 27129614690854648
653446591 374852413 38344720880610848
716738658 673700291 13624109842211944
994926398 545787217 23339054429293036
868113857 769644474 69889393541938632
649211634 194360587 168025467710792352
781794809 163432890 20911363838262384
637898180 156340845 83351626232846032
311950584 49064452 13091543574140048
548436722 530335825 4549294593837716
522307205 68434615 54820775590649664
921145913 95301318 27924918442300208
824295890 593004251 60029901208472184
948542053 320151964 398617373762545768
656397922 159955090 93987449720897088
651872773 185794821 4079242545699175
489457085 375703704 23182905413636900
130317275 94837085 410675027433339
273809321 52606403 30833202600546084
566088958 419799197 32765650126996524
895560415 268790155 359468993637392512
871456009 744517670 76437841391169680
873657486 693410694 1196541055828286
966662845 246485618 436840948617900285
592692236 115491597 101692036179987216
356681492 128933524 23206177517175032
269820320 141739606 13771440974224608
302917500 134682599 17659900264983816
356113700 273346782 15770039697179600
692302761 412873022 28026051465232176
817525656 719880617 20519895198098676
806025153 247436061 1954176771132569
976264803 173523884 199314276296204512
490936366 92460496 30611542623322752
721600719 389271108 156065252966153248
390229470 26132983 51159088240458856
884616586 718488032 133160726851083498
685622565 237102141 147468993055039392
290015955 168233632 19136403868297044
863015530 209899441 301469227518580032
952713674 720107370 82584581952837440
209551998 7624290 21926955142482099
820938569 264993858 251679868285803008
231412748 209786083 1681760239316439
677683967 671108953 3129008094346686
885639551 154405609 380258161622432943
339193921 213075766 7192320946542231
669053077 31581480 160274723848067616
973385347 223768081 448703440438520641
983735287 34418797 82694689968308448
630212992 599324467 7650539850522315
987257279 468516051 297201577574808704
881152934 173591303 13800407327908520
420544987 235315697 48789493553079088
951064730 76651562 23572531900418996
701027959 478298715 69242941258520488
374583197 200800625 20004213309909876
319197298 309963940 696915150569323
315183269 167225137 11358061737075612
313707570 176068350 33706188046679163
302072784 102800224 33051253371285912
507068275 192935192 31909488248327028
489978063 96099276 83567996799584720
983929673 499236673 166237459203006048
805465237 600965332 71547657910496896
858007666 839382778 7236111636437983
624328475 488583518 48798651715344792
512358339 209804306 64480294709632672
874576222 829795002 3805781331948052
931853164 913451807 42887269745317
709547057 588407796 45620875130816704
837800161 165196859 72536841606810608
911492371 145685965 370207356625609728
159320961 113529483 1207308419040616
879943263 309512660 85224198278687856
454434080 423413618 7020214288997935
832588292 188312984 127550832249765920
480947305 478010095 667195495043359
627126124 29084705 130485393375287264
448243423 425995626 1822292316653392
780268983 451173922 27265489496157616
969518013 312731460 27548238249524296
220798754 46705987 22340463297128052
492188533 275374956 16292930986320580
670995112 461164713 29859791665807876
187634206 78587262 14515318889407633
688525360 495830999 3174804958163791
804405848 795295715 2392368726609996
813595467 705066547 81212831301702720
914283497 430210860 260721222481412320
552910821 522830525 16179309591429884
853291324 619252587 74584568267243360
682784696 397019114 154285382645135618
762621982 202654731 36000118868653080
797887783 739593048 10513854777786124
881772142 245128258 184380585390611648
978791894 200200612 166380465235814752
906580473 624755911 215784103613400099
904721578 803005255 61381328723593296
519026884 224985255 109385271045673288
961780423 156795818 231776636352193280
936740761 289566235 3994959821954316
989217361 458249481 329874680519792768
819580546 230492465 309292748004977454
650963775 408186846 30012398622592612
826675290 773755854 24141723365583684
246631853 52446734 7408154120305417
787701311 123919442 123585153503138976
337539283 115141827 19625948415710232
376414888 311864263 22214425029899266
960525643 630182379 127973014472878592
280631852 146035184 12813447205111244
313014820 72969985 39334718656377712
962563762 845048359 9477903567283596
253469881 100053497 27118139332874268
995377809 795301357 30654608467875392
526278181 382519788 8142376771866294
833911104 207041666 126252549040801456
686175932 576035497 59276373260329296
720177235 166589567 160422281429774848
172494762 36443217 10559424300613500
621164877 441962955 39209524848346448
968768330 865865550 48069301245530760
371506487 136781296 27338755752894208
705308424 654167778 34762246275691350
308588829 112622066 31444046311357452
761853609 134311954 10082071227946668
841196203 425427860 39870498469745680
967740753 411975671 198543086495999296
926562251 829513000 69759318530860088
966436540 114478253 223937028597234720
745901742 403097759 126804883043921376
983043653 562258449 325120130888500458
761393260 167256987 11479432946609668
766845694 337230893 226641196632614656
443914781 243845838 65086300866559944
815496380 652424132 40391815181249056
216058840 116785203 5901703488573458
732018018 232725067 187161031735065632
629945996 88188250 115745311658636160
176529298 418781 5971024068077844
417500426 265895177 31097913014595888
586727623 406223606 88562034048399040
68407414 65229570 33527393503679
857535539 676587511 138798271070484228
850475157 603879713 10233138708294508
683442467 225621847 11737280244128400
820737211 544519914 45324305754505096
865840877 594362287 111707977595176240
862904214 121054215 213385070062656544
533978654 499168877 600618514705628
992671709 203814587 126027816979368688
968560857 396806471 46706107148849504
742274291 616260059 80057405496665104
926754387 781320075 95342976468360400
639856468 34803795 168933978386105984
942239579 900937673 10116747787497848
457313631 38261113 29613142206261476
185945699 180036218 435320270342294
773035430 580798245 51189793883526520
170627998 133325714 515427113568363
995465050 62781203 366747478460791296
427095029 214754896 5077414989798906
878319876 788991376 40812790288276816
707319962 116217738 243397483420691253
779136226 578338110 98170652508326224
606658384 477021264 56190700465025896
595135031 17413873 82369325806587456
848286708 255933939 167311221966882816
685776329 126574216 212625081801820384
450266453 223923415 32482682941868892
229639053 124807792 11610543545024556
908537346 765118999 106218518037425152
777338981 592021731 82928042541450480
672604979 545878459 60855603970561664
468760195 223094870 72759453009479056
309075220 207853429 23962358752721288
650493226 141807681 74135528531625952
512624873 115107820 26020471389456072
400080486 275860085 17848234270990152
247568008 129942233 7285554783149233
171813962 86045157 3698921619566360
913657218 281597989 32546626521406264
860229714 361246622 249145278971036224
716879232 404893164 99652002948028688
993179882 875191628 20763840973985548
647731084 104117534 9470316416515388
953684208 13569727 32326413664048240
710847873 656127799 36822311324947800
906320194 203571084 239498402736718112
722479143 293958189 166313162475851232
352235615 229572995 14573673432048488
989080187 815493049 156625352576605905
913595809 248218661 386522399857773018
566753375 376731064 28645930948733980
961166890 557660208 120460551781288496
708921009 670812857 26289554632404752
385829167 173778564 17804571721632400
698456174 414271024 130315004723451504
829690207 632798534 143975928210821220
955918230 235728306 22654977799604768
957283220 243449713 311191684164774336
946259123 378719976 375988754482133829
540635123 405796966 43748062503550096
156603544 99045222 2005071380469988
637403753 261032892 82783329252401776
720742527 118356880 84426830488653264
797758548 253235892 15617831835675700
577090239 296389019 122593347119387012
958640640 232280785 432518757385157403
364515024 342315228 4501617033861440
943641323 313192980 135969535686792080
144489958 62408400 7064081125879412
503190418 372092765 57373785938476344
668073495 356567494 117138003386925648
994664414 550556311 28842865392310936
146193537 86838996 4559722624412023
310182064 166048474 34320408792900982
759729668 428470540 144210242142748736
854853245 392361726 230928476922155040
173495677 24504218 904270095491607
827949751 509571824 168213197936009728
547485249 3862843 21632772087312252
552594913 536606305 4756786342809630
966003552 387599188 259508099447877664
982187101 739508208 62276405692088592
315332235 106939134 24677374781162308
932343362 122153861 56927008301853096
389925217 71846774 23902303574397156
794871695 568743006 135005022436092512
862261122 538164253 29424779944851736
911116973 149303049 128411038231350608
286349466 48641709 39815000579517828
941593289 136616994 329238551962088576
735694111 201587259 98922814331566736
519818158 517593233 988408499380714
859264028 374983319 298861090760388188
983720381 308682970 105969798364520176
728186214 567724738 10056405617271064
882558671 183825754 150548578058662304
552003136 104933097 21623593957604692
160191666 62993777 1381826746424454
373166048 135342691 27188882305100552
950552668 739641568 178240363609306921
850920015 650951681 150163391216373083
316223068 78100656 5464179276068781
976367403 970041902 4083797230137931
880212459 784863094 17603729202031172
164111801 141618051 2387431653597086
250012474 40953782 26004942572557316
492957022 312912621 9901041833171880
785230527 778043361 1319311069381245
757229669 365106951 48891068345098928
838313601 432430916 121491484064936384
597710842 572607300 10527788696876708
509817998 207918834 819454040799502
532627615 353930763 10381438986626424
516078050 177582668 39499322469550368
699851079 172835101 229959780756235113
826064594 755277758 6415514640018629
610676069 535544943 9236592427403016
830547793 182706837 30862666115878720
428650080 42056060 79734045057778768
594530614 265280810 72709397993608224
953765107 420173482 221714643286825888
652703268 332563184 87327527858722256
458077143 304638867 34475386989798092
904801887 363893233 308142339894819072
606658682 601887277 29710999154543
52990116 2422511 868314915636124
765817601 218756340 60285913410404304
900189467 224925964 122406969358769440
488017842 385123762 19177041033352164
935581342 873977588 44891929610674936
885354774 741432242 82376311416699808
290546542 102037366 28748232195982836
975159429 490340768 355250922335138210
846170292 594318519 156716909738032576
385933178 377322426 318095380352716
581629205 548323743 13702735419755256
866069849 539274342 101653016948277696
221325640 139994358 14693309505448720
449965131 428870627 6689362853215814
584208324 241212404 106772891348195408
846646577 636436943 90371001664310240
783001854 461691978 163639476405701056
849277635 443296166 248446192908997024
930792170 85560277 306427956684624960
922351353 868562622 18495619389763700
848213355 683280217 114378047307840736
403708616 119343246 51292630827246560
948797664 214839579 93253617345185
267855982 198668271 13950634586256308
338447483 95045482 792724103481888
688267552 53426625 145984468639735424
487192184 91929206 52594394109888480
554731313 364059074 67248377935035104
818690946 220613353 54814487750191328
512225986 167334696 7587496420563662
696381383 161553447 34968626853600980
638995185 452357106 36050877437324552
858249700 658991172 114342673867474144
859821939 391609432 292967910402894237
540989784 76691609 63540786289311040
771791443 110269490 44960340327801648
491360269 258813534 51124467103976904
550841138 116846529 120458601663632304
292091431 180414395 4863519969680736
906754814 389608311 96845864994442208
676877168 178309552 145642308100081920
426867263 71045167 72523229875731664
779913330 292986044 105440310136660480
995307899 927731173 6161701061407487
652300924 482807540 14110475322831192
528989189 16879905 86002704917304208
625988897 320879522 15906606060413252
732748319 699103049 21396022211768268
966231597 928912893 10412845057755708
962667751 353659426 65536899333791952
932583356 723375295 173219950063922184
822880785 672542472 61657092232712048
760013838 280444990 126496526864613696
851389518 210507939 265124739275211840
290249886 6996439 39472220980721280
994970976 69186579 97547713931836848
771931357 332020706 106630337454556032
857021693 445397617 82571668680192080
348708421 257604066 10479246400837364
421237472 206550875 29966266089390468
908626288 756741878 34093137244104492
123012980 45811382 3765646479673878
532435185 504290855 8657029946728503
931489838 627714477 48613331691305856
782436682 522389744 169658059003805010
707139633 384417804 66196882193188800
165226515 107109572 1769946655946815
250818746 203812571 1568698923795573
981135882 374423888 411217186199220578
873353570 386716277 182372135017720608
300541952 228228206 19118675713381016
749814259 115883997 107658036188035008
853374457 680953423 22389484746883092
955684950 50227100 352808972411924544
277030279 257827227 2286911732238983
748229750 221691379 246232542683590720
843588585 470244578 207062346806819680
997462915 588529591 246867156082816736
335826696 217409793 32547114851844388
726306924 106833562 3897205842465668
895940491 480315711 55358083758376104
371122697 27027964 51635874074872336
380082720 78977680 53797726392184736
500738353 77690886 4907568599505987
663947960 359602808 138071571846020000
535993873 189995927 28928052632534624
941146055 215264249 394187592779981440
995483345 932407052 34142678921579656
728285159 671472730 15130179886007800
625124424 493309049 17918468408943524
647844908 410876510 59821730611257008
693195353 625245292 21411856725666336
815702669 355540022 61718612320634952
114671674 82243865 288247311931508
494220092 91205989 82117405577595648
972795725 677610834 166513630972522752
863610124 226133583 98319409209732752
565994296 29388196 81059112984337120
976178307 65231142 375658075538981632
535963829 132969496 61515444885080704
932881536 505353100 88570043726551984
918926626 114181880 365063220527217472
709035853 170241594 19305300866626100
800465592 177740271 35527130140625692
351625076 7973733 23174861041634192
978940898 541381839 332615493849173613
964760451 268108843 429440188675897026
379469427 149032270 54300351869269856
992615958 454392676 195696197571788128
946130722 501516822 6616766303655530
657723209 138682803 106385051998345632
732770232 18828609 257391899051840288
759721141 426620141 96460913709837280
454728650 4403569 5441317731914495
913502650 245570279 335970636217050432
494795645 15655003 27441096419222624
623979780 318139060 48749532733932432
580367887 29941839 155103594913035808
805593313 703623725 76947120538328694
333260521 72666038 19276462085810232
861026751 247664079 340014785509694298
799611405 490687196 59361552196381872
904258609 119201589 401737307076975082
738376335 502549090 126275130294451376
563051571 109436020 145127330006540928
411980734 351044796 1805191780868937
341032854 63706277 41819157558440720
436388814 147443374 57505987879038920
838302012 69370363 184587692223967360
326035591 17541302 35172819584910408
561168590 31944952 143983899833356400
970126906 104507332 465045662338657024
911819072 186267349 253538208223587296
432179103 57796822 71928151617347608
982972304 679710644 252113996263428317
803586149 606784948 96984821714181856
878255004 132833264 109612941968113200
836818468 423559837 226908822905153440
935698695 383164462 171461341028403648
774049234 136807373 92359355261397568
817812884 357713784 70725503815340768
936784569 587378947 71644795433219904
711406915 127656197 169280716223687648
964810612 730429242 121366645730454112
632330913 562053804 7782286289836614
812874609 658314158 40233691990971272
550022260 415332114 43191212599806792
990947309 157373151 125152121764283616
873921441 678009032 40588888752924336
441475223 225500034 63727065729429680
324114765 238631538 13638156206090072
772359678 152077765 140006412096700432
925517677 687918991 75416813144036608
704890324 121362329 146181543619738784
837399019 623624762 96750678250968320
957908523 438352112 78935820359453872
824306269 220369274 168054957415211936
924132892 841524027 56630085557744600
294642148 208506027 14075500582133032
279789214 81605530 21119219613046124
724205935 15020007 23135687996322276
800826344 313414348 74955135168782352
370212428 231258191 36053751738817856
832046572 174749301 98422715522612688
865296865 388295961 212572851587344128
991982791 789812960 144211332374500576
979425009 822332987 45428990611964024
575757623 555242843 2973549748799765
881293461 868846062 743604516679955
941311652 243676925 262398367359752800
203998768 151032488 5896289494146132
400071941 224094872 5873791454169890
407807643 40024656 5754432871259646
665376488 565931394 31063888424725872
785615004 11601282 97791965143145136
175538614 30390579 739497939007468
378393377 202404200 2606635052655247
922741277 138083707 12369390267966308
878193545 158413746 171057962285454336
283202038 137862110 15602525838796104
684882549 179808813 90035926703314256
446925727 98840782 20473555657748028
745580355 703562447 29162164916906712
489373369 403596325 5307228984697312
904424851 566456746 53941938712819192
392845578 155054052 37970362380303200
667985939 313507826 12576334186411976
520031873 314924777 54856676505420592
863421717 645020956 40354283824307896
588945009 344784923 38536431435220072
726601297 535363474 76075773608089200
747959232 71393590 277172984430147276
938572388 45236014 157646749072290144
379522532 3855219 54945883696531
975005246 141788868 273012746123238048
459494067 224915644 38995070304708888
177926677 166695186 519171501444757
361909137 197253515 29681961096169960
957093883 445880972 91725345243343680
519233867 430243505 5524849550759710
997757437 724343932 177994703357310016
295598699 149958344 15223595571660116
479510223 55857534 37715443404088136
788383720 243404615 205069898424533792
801529697 212770803 200832160004625216
690146043 235311802 210464958716764248
649148196 220279677 186435122570128983
450875394 116227848 40640609577726864
490958023 167394468 81885937182777072
871653225 227001520 327626318554313408
578124814 408085946 70997631339447464
721423974 358505409 162032621397185600
761003557 752311113 6577202268334078
113223543 10575751 6353862152029074
855271316 425322480 39971962039595712
664424374 560363489 35765495326288584
810734925 367130030 141015725576754224
829623673 807107878 18426156854539801
992074392 47919249 84868468783825408
735499904 162559902 257267193971909712
511570242 448647065 19180804496423896
276547547 210580937 6429183078583496
862945910 616193839 64755774339764232
465810020 464581371 62399959510073
904212685 104123629 384641135287273408
998661055 959235501 15018467515910208
622736510 319057982 137295553767485024
301809570 140309916 35098902054659296
737653795 596865107 61720444223114616
169665131 125566168 517356627674815
541276220 271230322 98584302418860928
454433985 293353069 41084112656045816
877180977 251170477 212364219393475968
550454084 101496229 101596239666989120
715584523 529707794 115735431889041708
799739298 467144346 144319714314544064
233240158 97862994 20183144174570628
414120804 276074822 758517349932365
948755446 369794171 250717710993894208
316742455 122455824 8250552482976482
855305613 360744520 50430194851175944
982831329 476351984 19823262421351204
630975387 489144221 17244720344520640
699962344 124735876 99804130682414816
430728540 293643209 29602658468551900
861818405 680632010 124691998703661472
693385911 156637526 46059965338938880
272542040 54447698 16629574757908604
860730893 186102464 22600850773604200
838376313 831105328 3019897473073950
498591462 336196562 28137900259953588
511172339 508711516 905121638818712
651321743 5525309 35186248852341680
910997000 491841687 98052888118630304
616977917 496082911 26857944142459320
272943236 14650646 37141684468764134
908659053 365006794 71273239017563024
991286408 746315413 212831024370891861
838054830 138569950 341567134009975593
529968490 499333645 13116167111522488
890832004 672086662 7527766520860772
425592752 131699485 75057375098623808
926274592 810059537 73084124778589280
737614028 448647930 158269763663914720
858778737 495074733 246200964611073678
883632271 310994935 38703089558330384
722537024 220970078 236615988311478800
647003224 411001492 4554131840941119
976081607 147738469 465454324712529285
973389958 450717149 290909353481121536
528273907 84649935 41442450405552192
618962403 42604483 190649657508702006
451741925 98124299 21546090303996008
940649405 277172453 87479339542034096
917177942 538112136 68892217855012312
233142798 183522482 1164328542324997
397135967 117463184 12294609148147240
555188875 58706266 78114613398076752
111440730 55141414 437481081488749
423623713 368511171 5762898960045033
272310767 145825348 20345568325058176
509037988 261466281 15134235703243332
537717025 201021605 70315189463241480